solid Default
  facet normal -1.000000e+00 -0.000000e+00 -0.000000e+00
    outer loop
      vertex -2.638995e+01 -2.638995e+01 0.000000e+00
      vertex -2.638995e+01 -2.638995e+01 1.050000e+01
      vertex -2.638995e+01 2.638995e+01 0.000000e+00
    endloop
  endfacet
  facet normal -1.000000e+00 0.000000e+00 0.000000e+00
    outer loop
      vertex -2.638995e+01 1.851495e+01 5.250000e+00
      vertex -2.638995e+01 -2.638995e+01 1.050000e+01
      vertex -2.638995e+01 1.851495e+01 1.050000e+01
    endloop
  endfacet
  facet normal -1.000000e+00 0.000000e+00 0.000000e+00
    outer loop
      vertex -2.638995e+01 2.638995e+01 0.000000e+00
      vertex -2.638995e+01 -2.638995e+01 1.050000e+01
      vertex -2.638995e+01 1.851495e+01 5.250000e+00
    endloop
  endfacet
  facet normal -1.000000e+00 0.000000e+00 0.000000e+00
    outer loop
      vertex -2.638995e+01 2.638995e+01 5.250000e+00
      vertex -2.638995e+01 2.638995e+01 0.000000e+00
      vertex -2.638995e+01 1.851495e+01 5.250000e+00
    endloop
  endfacet
  facet normal 0.000000e+00 -1.000000e+00 0.000000e+00
    outer loop
      vertex -2.638995e+01 -2.638995e+01 1.050000e+01
      vertex -2.638995e+01 -2.638995e+01 0.000000e+00
      vertex 2.638995e+01 -2.638995e+01 0.000000e+00
    endloop
  endfacet
  facet normal 0.000000e+00 -1.000000e+00 0.000000e+00
    outer loop
      vertex 1.851495e+01 -2.638995e+01 5.250000e+00
      vertex -2.638995e+01 -2.638995e+01 1.050000e+01
      vertex 2.638995e+01 -2.638995e+01 0.000000e+00
    endloop
  endfacet
  facet normal 0.000000e+00 -1.000000e+00 0.000000e+00
    outer loop
      vertex 2.638995e+01 -2.638995e+01 5.250000e+00
      vertex 1.851495e+01 -2.638995e+01 5.250000e+00
      vertex 2.638995e+01 -2.638995e+01 0.000000e+00
    endloop
  endfacet
  facet normal 0.000000e+00 -1.000000e+00 0.000000e+00
    outer loop
      vertex 1.851495e+01 -2.638995e+01 5.250000e+00
      vertex 1.851495e+01 -2.638995e+01 1.050000e+01
      vertex -2.638995e+01 -2.638995e+01 1.050000e+01
    endloop
  endfacet
  facet normal 0.000000e+00 0.000000e+00 -1.000000e+00
    outer loop
      vertex 1.644295e+01 1.644295e+01 0.000000e+00
      vertex 2.638995e+01 -2.638995e+01 0.000000e+00
      vertex 1.644295e+01 -2.183995e+01 0.000000e+00
    endloop
  endfacet
  facet normal 0.000000e+00 0.000000e+00 -1.000000e+00
    outer loop
      vertex 1.644295e+01 1.644295e+01 0.000000e+00
      vertex -2.638995e+01 2.638995e+01 0.000000e+00
      vertex 2.638995e+01 2.638995e+01 0.000000e+00
    endloop
  endfacet
  facet normal 0.000000e+00 0.000000e+00 -1.000000e+00
    outer loop
      vertex -2.638995e+01 -2.638995e+01 0.000000e+00
      vertex -2.638995e+01 2.638995e+01 0.000000e+00
      vertex -2.183995e+01 1.644295e+01 0.000000e+00
    endloop
  endfacet
  facet normal 0.000000e+00 0.000000e+00 -1.000000e+00
    outer loop
      vertex -2.638995e+01 -2.638995e+01 0.000000e+00
      vertex -2.183995e+01 1.644295e+01 0.000000e+00
      vertex -2.183995e+01 -2.183995e+01 0.000000e+00
    endloop
  endfacet
  facet normal 0.000000e+00 0.000000e+00 -1.000000e+00
    outer loop
      vertex -2.638995e+01 -2.638995e+01 0.000000e+00
      vertex -2.183995e+01 -2.183995e+01 0.000000e+00
      vertex 2.638995e+01 -2.638995e+01 0.000000e+00
    endloop
  endfacet
  facet normal 0.000000e+00 0.000000e+00 -1.000000e+00
    outer loop
      vertex -2.183995e+01 -2.183995e+01 0.000000e+00
      vertex 1.644295e+01 -2.183995e+01 0.000000e+00
      vertex 2.638995e+01 -2.638995e+01 0.000000e+00
    endloop
  endfacet
  facet normal 0.000000e+00 0.000000e+00 -1.000000e+00
    outer loop
      vertex 2.638995e+01 -2.638995e+01 0.000000e+00
      vertex 1.644295e+01 1.644295e+01 0.000000e+00
      vertex 2.638995e+01 2.638995e+01 0.000000e+00
    endloop
  endfacet
  facet normal -0.000000e+00 -0.000000e+00 -1.000000e+00
    outer loop
      vertex -2.183995e+01 1.644295e+01 0.000000e+00
      vertex -2.638995e+01 2.638995e+01 0.000000e+00
      vertex 1.644295e+01 1.644295e+01 0.000000e+00
    endloop
  endfacet
  facet normal 0.000000e+00 1.000000e+00 0.000000e+00
    outer loop
      vertex -2.638995e+01 2.638995e+01 0.000000e+00
      vertex -2.638995e+01 2.638995e+01 5.250000e+00
      vertex 2.638995e+01 2.638995e+01 0.000000e+00
    endloop
  endfacet
  facet normal 0.000000e+00 1.000000e+00 0.000000e+00
    outer loop
      vertex 2.638995e+01 2.638995e+01 0.000000e+00
      vertex -2.638995e+01 2.638995e+01 5.250000e+00
      vertex 2.638995e+01 2.638995e+01 5.250000e+00
    endloop
  endfacet
  facet normal 0.000000e+00 0.000000e+00 1.000000e+00
    outer loop
      vertex 1.851495e+01 1.851495e+01 5.250000e+00
      vertex 1.851495e+01 -2.638995e+01 5.250000e+00
      vertex 2.638995e+01 -2.638995e+01 5.250000e+00
    endloop
  endfacet
  facet normal 0.000000e+00 0.000000e+00 1.000000e+00
    outer loop
      vertex -2.638995e+01 2.638995e+01 5.250000e+00
      vertex 1.851495e+01 1.851495e+01 5.250000e+00
      vertex 2.638995e+01 2.638995e+01 5.250000e+00
    endloop
  endfacet
  facet normal 0.000000e+00 0.000000e+00 1.000000e+00
    outer loop
      vertex 2.638995e+01 2.638995e+01 5.250000e+00
      vertex 1.851495e+01 1.851495e+01 5.250000e+00
      vertex 2.638995e+01 -2.638995e+01 5.250000e+00
    endloop
  endfacet
  facet normal 0.000000e+00 0.000000e+00 1.000000e+00
    outer loop
      vertex -2.638995e+01 1.851495e+01 5.250000e+00
      vertex 1.851495e+01 1.851495e+01 5.250000e+00
      vertex -2.638995e+01 2.638995e+01 5.250000e+00
    endloop
  endfacet
  facet normal 0.000000e+00 1.000000e+00 0.000000e+00
    outer loop
      vertex -2.638995e+01 1.851495e+01 5.250000e+00
      vertex -2.638995e+01 1.851495e+01 1.050000e+01
      vertex 1.851495e+01 1.851495e+01 5.250000e+00
    endloop
  endfacet
  facet normal 0.000000e+00 1.000000e+00 0.000000e+00
    outer loop
      vertex 1.851495e+01 1.851495e+01 5.250000e+00
      vertex -2.638995e+01 1.851495e+01 1.050000e+01
      vertex 1.851495e+01 1.851495e+01 1.050000e+01
    endloop
  endfacet
  facet normal 0.000000e+00 0.000000e+00 1.000000e+00
    outer loop
      vertex -2.183995e+01 -2.183995e+01 1.050000e+01
      vertex -2.638995e+01 -2.638995e+01 1.050000e+01
      vertex 1.851495e+01 -2.638995e+01 1.050000e+01
    endloop
  endfacet
  facet normal 0.000000e+00 0.000000e+00 1.000000e+00
    outer loop
      vertex 8.567951e+00 -2.183995e+01 1.050000e+01
      vertex -2.183995e+01 -2.183995e+01 1.050000e+01
      vertex 1.851495e+01 -2.638995e+01 1.050000e+01
    endloop
  endfacet
  facet normal 0.000000e+00 0.000000e+00 1.000000e+00
    outer loop
      vertex -2.638995e+01 1.851495e+01 1.050000e+01
      vertex -2.638995e+01 -2.638995e+01 1.050000e+01
      vertex -2.183995e+01 -2.183995e+01 1.050000e+01
    endloop
  endfacet
  facet normal 0.000000e+00 0.000000e+00 1.000000e+00
    outer loop
      vertex 8.567951e+00 8.567951e+00 1.050000e+01
      vertex 8.567951e+00 -2.183995e+01 1.050000e+01
      vertex 1.851495e+01 -2.638995e+01 1.050000e+01
    endloop
  endfacet
  facet normal 0.000000e+00 0.000000e+00 1.000000e+00
    outer loop
      vertex -2.638995e+01 1.851495e+01 1.050000e+01
      vertex -2.183995e+01 -2.183995e+01 1.050000e+01
      vertex -2.183995e+01 8.567951e+00 1.050000e+01
    endloop
  endfacet
  facet normal 0.000000e+00 0.000000e+00 1.000000e+00
    outer loop
      vertex 1.851495e+01 1.851495e+01 1.050000e+01
      vertex 8.567951e+00 8.567951e+00 1.050000e+01
      vertex 1.851495e+01 -2.638995e+01 1.050000e+01
    endloop
  endfacet
  facet normal 0.000000e+00 0.000000e+00 1.000000e+00
    outer loop
      vertex 1.851495e+01 1.851495e+01 1.050000e+01
      vertex -2.638995e+01 1.851495e+01 1.050000e+01
      vertex 8.567951e+00 8.567951e+00 1.050000e+01
    endloop
  endfacet
  facet normal 0.000000e+00 0.000000e+00 1.000000e+00
    outer loop
      vertex -2.183995e+01 8.567951e+00 1.050000e+01
      vertex 8.567951e+00 8.567951e+00 1.050000e+01
      vertex -2.638995e+01 1.851495e+01 1.050000e+01
    endloop
  endfacet
  facet normal 1.000000e+00 0.000000e+00 0.000000e+00
    outer loop
      vertex 1.851495e+01 -2.638995e+01 1.050000e+01
      vertex 1.851495e+01 -2.638995e+01 5.250000e+00
      vertex 1.851495e+01 1.851495e+01 5.250000e+00
    endloop
  endfacet
  facet normal 1.000000e+00 0.000000e+00 0.000000e+00
    outer loop
      vertex 1.851495e+01 1.851495e+01 1.050000e+01
      vertex 1.851495e+01 -2.638995e+01 1.050000e+01
      vertex 1.851495e+01 1.851495e+01 5.250000e+00
    endloop
  endfacet
  facet normal 1.000000e+00 0.000000e+00 0.000000e+00
    outer loop
      vertex 2.638995e+01 -2.638995e+01 5.250000e+00
      vertex 2.638995e+01 -2.638995e+01 0.000000e+00
      vertex 2.638995e+01 2.638995e+01 0.000000e+00
    endloop
  endfacet
  facet normal 1.000000e+00 0.000000e+00 0.000000e+00
    outer loop
      vertex 2.638995e+01 2.638995e+01 5.250000e+00
      vertex 2.638995e+01 -2.638995e+01 5.250000e+00
      vertex 2.638995e+01 2.638995e+01 0.000000e+00
    endloop
  endfacet
  facet normal 1.000000e+00 0.000000e+00 0.000000e+00
    outer loop
      vertex -2.183995e+01 1.644295e+01 0.000000e+00
      vertex -2.183995e+01 1.644295e+01 5.250000e+00
      vertex -2.183995e+01 8.567951e+00 5.250000e+00
    endloop
  endfacet
  facet normal 1.000000e+00 0.000000e+00 0.000000e+00
    outer loop
      vertex -2.183995e+01 -2.183995e+01 1.050000e+01
      vertex -2.183995e+01 1.644295e+01 0.000000e+00
      vertex -2.183995e+01 8.567951e+00 5.250000e+00
    endloop
  endfacet
  facet normal 1.000000e+00 0.000000e+00 0.000000e+00
    outer loop
      vertex -2.183995e+01 8.567951e+00 1.050000e+01
      vertex -2.183995e+01 -2.183995e+01 1.050000e+01
      vertex -2.183995e+01 8.567951e+00 5.250000e+00
    endloop
  endfacet
  facet normal 1.000000e+00 0.000000e+00 0.000000e+00
    outer loop
      vertex -2.183995e+01 -2.183995e+01 1.050000e+01
      vertex -2.183995e+01 -2.183995e+01 0.000000e+00
      vertex -2.183995e+01 1.644295e+01 0.000000e+00
    endloop
  endfacet
  facet normal 0.000000e+00 -1.000000e+00 0.000000e+00
    outer loop
      vertex 1.644295e+01 1.644295e+01 0.000000e+00
      vertex 1.644295e+01 1.644295e+01 5.250000e+00
      vertex -2.183995e+01 1.644295e+01 5.250000e+00
    endloop
  endfacet
  facet normal -0.000000e+00 -1.000000e+00 -0.000000e+00
    outer loop
      vertex -2.183995e+01 1.644295e+01 0.000000e+00
      vertex 1.644295e+01 1.644295e+01 0.000000e+00
      vertex -2.183995e+01 1.644295e+01 5.250000e+00
    endloop
  endfacet
  facet normal -1.000000e+00 0.000000e+00 0.000000e+00
    outer loop
      vertex 1.644295e+01 1.644295e+01 5.250000e+00
      vertex 1.644295e+01 1.644295e+01 0.000000e+00
      vertex 1.644295e+01 -2.183995e+01 5.250000e+00
    endloop
  endfacet
  facet normal -1.000000e+00 0.000000e+00 0.000000e+00
    outer loop
      vertex 1.644295e+01 -2.183995e+01 5.250000e+00
      vertex 1.644295e+01 1.644295e+01 0.000000e+00
      vertex 1.644295e+01 -2.183995e+01 0.000000e+00
    endloop
  endfacet
  facet normal 0.000000e+00 1.000000e+00 0.000000e+00
    outer loop
      vertex 8.567951e+00 -2.183995e+01 1.050000e+01
      vertex 8.567951e+00 -2.183995e+01 5.250000e+00
      vertex -2.183995e+01 -2.183995e+01 1.050000e+01
    endloop
  endfacet
  facet normal 0.000000e+00 1.000000e+00 0.000000e+00
    outer loop
      vertex 1.644295e+01 -2.183995e+01 0.000000e+00
      vertex 8.567951e+00 -2.183995e+01 5.250000e+00
      vertex 1.644295e+01 -2.183995e+01 5.250000e+00
    endloop
  endfacet
  facet normal 0.000000e+00 1.000000e+00 0.000000e+00
    outer loop
      vertex -2.183995e+01 -2.183995e+01 1.050000e+01
      vertex 8.567951e+00 -2.183995e+01 5.250000e+00
      vertex 1.644295e+01 -2.183995e+01 0.000000e+00
    endloop
  endfacet
  facet normal 0.000000e+00 1.000000e+00 0.000000e+00
    outer loop
      vertex -2.183995e+01 -2.183995e+01 1.050000e+01
      vertex 1.644295e+01 -2.183995e+01 0.000000e+00
      vertex -2.183995e+01 -2.183995e+01 0.000000e+00
    endloop
  endfacet
  facet normal -1.000000e+00 0.000000e+00 0.000000e+00
    outer loop
      vertex 8.567951e+00 8.567951e+00 1.050000e+01
      vertex 8.567951e+00 8.567951e+00 5.250000e+00
      vertex 8.567951e+00 -2.183995e+01 1.050000e+01
    endloop
  endfacet
  facet normal -1.000000e+00 0.000000e+00 0.000000e+00
    outer loop
      vertex 8.567951e+00 -2.183995e+01 1.050000e+01
      vertex 8.567951e+00 8.567951e+00 5.250000e+00
      vertex 8.567951e+00 -2.183995e+01 5.250000e+00
    endloop
  endfacet
  facet normal 0.000000e+00 -1.000000e+00 0.000000e+00
    outer loop
      vertex 8.567951e+00 8.567951e+00 5.250000e+00
      vertex 8.567951e+00 8.567951e+00 1.050000e+01
      vertex -2.183995e+01 8.567951e+00 1.050000e+01
    endloop
  endfacet
  facet normal -0.000000e+00 -1.000000e+00 -0.000000e+00
    outer loop
      vertex -2.183995e+01 8.567951e+00 5.250000e+00
      vertex 8.567951e+00 8.567951e+00 5.250000e+00
      vertex -2.183995e+01 8.567951e+00 1.050000e+01
    endloop
  endfacet
  facet normal -0.000000e+00 -0.000000e+00 -1.000000e+00
    outer loop
      vertex -2.183995e+01 8.567951e+00 5.250000e+00
      vertex -2.183995e+01 1.644295e+01 5.250000e+00
      vertex 8.567951e+00 8.567951e+00 5.250000e+00
    endloop
  endfacet
  facet normal 0.000000e+00 0.000000e+00 -1.000000e+00
    outer loop
      vertex 8.567951e+00 8.567951e+00 5.250000e+00
      vertex -2.183995e+01 1.644295e+01 5.250000e+00
      vertex 1.644295e+01 1.644295e+01 5.250000e+00
    endloop
  endfacet
  facet normal 0.000000e+00 0.000000e+00 -1.000000e+00
    outer loop
      vertex 8.567951e+00 8.567951e+00 5.250000e+00
      vertex 1.644295e+01 1.644295e+01 5.250000e+00
      vertex 1.644295e+01 -2.183995e+01 5.250000e+00
    endloop
  endfacet
  facet normal 0.000000e+00 0.000000e+00 -1.000000e+00
    outer loop
      vertex 8.567951e+00 8.567951e+00 5.250000e+00
      vertex 1.644295e+01 -2.183995e+01 5.250000e+00
      vertex 8.567951e+00 -2.183995e+01 5.250000e+00
    endloop
  endfacet
endsolid Default
